512mb             512       1        20      5.00             0.007440
s-1vcpu-1gb       1024      1        25      5.00             0.007440
1gb               1024      1        30      10.00            0.014880
s-1vcpu-2gb       2048      1        50      10.00            0.014880
s-1vcpu-3gb       3072      1        60      15.00            0.022320
s-2vcpu-2gb       2048      2        60      15.00            0.022320
s-3vcpu-1gb       1024      3        60      15.00            0.022320
2gb               2048      2        40      20.00            0.029760
s-2vcpu-4gb       4096      2        80      20.00            0.029760
c-1vcpu-2gb       2048      1        20      20.00            0.029760
4gb               4096      2        60      40.00            0.059520
c-2               4096      2        25      40.00            0.060000
s-4vcpu-8gb       8192      4        160     40.00            0.059520
8gb               8192      4        80      80.00            0.119050
c-4               8192      4        50      80.00            0.119000
s-6vcpu-16gb      16384     6        320     80.00            0.119050
16gb              16384     8        160     160.00           0.238100
c-8               16384     8        100     160.00           0.238000
s-8vcpu-32gb      32768     8        640     160.00           0.238100
s-12vcpu-48gb     49152     12       960     240.00           0.357140
32gb              32768     12       320     320.00           0.476190
c-16              32768     16       200     320.00           0.476000
s-16vcpu-64gb     65536     16       1280    320.00           0.476190
48gb              49152     16       480     480.00           0.714290
s-20vcpu-96gb     98304     20       1920    480.00           0.714290
64gb              65536     20       640     640.00           0.952380
c-32              65536     32       400     640.00           0.952000
s-24vcpu-128gb    131072    24       2560    640.00           0.952380
c-46vcpu-92gb     94208     46       575     920.00           1.369000
c-48              73728     48       20      960.00           1.429000
s-32vcpu-192gb    196608    32       3840    960.00           1.428570